3202493
torch.Size([20, 13]) torch.Size([10, 13]) torch.Size([3])
Temporal:
 [[ 1.000000 -0.018810 -0.145464  0.140130 -0.997333 -0.072993 -0.026586 -1.000000  0.000000  0.857143  0.000000  0.000000  0.000000]
 [ 1.000000 -0.020767 -0.143098  0.117033 -0.993965  0.109697 -0.043587 -1.000000  0.000000  0.857143 -0.097839  0.118286 -0.277173]
 [ 1.000000 -0.023258 -0.141304  0.093935 -0.993965  0.109697 -0.043587 -1.000000  0.000000  0.857143 -0.124573  0.089722 -0.277174]
 [ 1.000000 -0.025914 -0.139764  0.070837 -0.993965  0.109697 -0.043587 -1.000000  0.000000  0.857143 -0.132812  0.076996 -0.277174]
 [ 1.000000 -0.028059 -0.137566  0.060462 -0.943714  0.330764 -0.033900 -1.000000  0.000000  0.857143 -0.107208  0.109894 -0.124498]
 [ 1.000000 -0.030610 -0.135858  0.050087 -0.943714  0.330764 -0.033900 -1.000000  0.000000  0.857143 -0.127594  0.085388 -0.124498]
 [ 1.000000 -0.033170 -0.134162  0.039712 -0.943714  0.330764 -0.033900 -1.000000  0.000000  0.857143 -0.127960  0.084808 -0.124498]
 [ 1.000000 -0.034902 -0.131627  0.039681 -0.820332  0.571887 -0.021285 -0.003751  0.000000  0.857143 -0.086639  0.126770 -0.000375]
 [ 1.000000 -0.037020 -0.129404  0.039650 -0.820332  0.571887 -0.021285 -0.003751  0.000000  0.857143 -0.105896  0.111145 -0.000375]
 [ 1.000000 -0.038981 -0.127040  0.039619 -0.820332  0.571887 -0.021285 -0.003751  0.000000  0.857143 -0.098022  0.118164 -0.000375]
 [ 1.000000 -0.039557 -0.123932  0.045991 -0.576720  0.816942 -0.012937  0.764640  0.000000  0.857143 -0.028809  0.155426  0.076464]
 [ 1.000000 -0.040579 -0.120941  0.052363 -0.576720  0.816942 -0.012937  0.764640  0.000000  0.857143 -0.051117  0.149567  0.076464]
 [ 1.000000 -0.041238 -0.117848  0.058735 -0.576720  0.816942 -0.012937  0.764640  0.000000  0.857143 -0.032928  0.154633  0.076464]
 [ 1.000000 -0.041533 -0.114627  0.055869 -0.459266  0.888299 -0.006404 -0.343917  0.000000  0.857143 -0.014771  0.161041 -0.034392]
 [ 1.000000 -0.042070 -0.111437  0.053003 -0.459266  0.888299 -0.006404 -0.343917  0.000000  0.857143 -0.026855  0.159515 -0.034392]
 [ 1.000000 -0.042586 -0.108243  0.050137 -0.459266  0.888299 -0.006404 -0.343917  0.000000  0.857143 -0.025787  0.159668 -0.034392]
 [ 1.000000 -0.042811 -0.104959  0.043735 -0.361835  0.932242 -0.003990 -0.768171  0.000000  0.857143 -0.011261  0.164215 -0.076817]
 [ 1.000000 -0.043350 -0.101712  0.037334 -0.361835  0.932242 -0.003990 -0.768171  0.000000  0.857143 -0.026917  0.162354 -0.076817]
 [ 1.000000 -0.043942 -0.098474  0.030932 -0.361835  0.932242 -0.003990 -0.768171  0.000000  0.857143 -0.029602  0.161926 -0.076817]
 [ 1.000000 -0.044167 -0.095133  0.026145 -0.261877  0.965101 -0.004692 -0.574444  0.000000  0.857143 -0.011261  0.167023 -0.057444]]
Spatial:
 [[ 1.000000 -0.044167 -0.095133  0.026145 -0.261877  0.965101 -0.004692 -0.574444  0.000000  0.857143 -0.011261  0.167023 -0.057444]
 [ 0.500000  1.000000 -0.332673  0.750000  0.000000  0.000000  0.000000  0.000000  0.000000  0.857143  0.000000  0.000000  0.000000]
 [ 0.500000  1.000000  0.065391  0.732043 -0.982999 -0.183611  1.000000 -0.998389  0.000000  0.857143  0.041412 -0.240005 -0.099838]
 [ 1.000000 -0.036751 -0.126956  0.241468  0.000000  0.000000 -0.466728  0.926689  0.000000  0.857143 -0.030182  0.099396  0.092669]
 [ 0.000000  0.000000  0.000000  0.000000  0.000000  0.000000  0.000000  0.000000  0.000000  0.000000  0.000000  0.000000  0.000000]
 [ 0.000000  0.000000  0.000000  0.000000  0.000000  0.000000  0.000000  0.000000  0.000000  0.000000  0.000000  0.000000  0.000000]
 [ 0.000000  0.000000  0.000000  0.000000  0.000000  0.000000  0.000000  0.000000  0.000000  0.000000  0.000000  0.000000  0.000000]
 [ 0.000000  0.000000  0.000000  0.000000  0.000000  0.000000  0.000000  0.000000  0.000000  0.000000  0.000000  0.000000  0.000000]
 [ 0.000000  0.000000  0.000000  0.000000  0.000000  0.000000  0.000000  0.000000  0.000000  0.000000  0.000000  0.000000  0.000000]
 [ 0.000000  0.000000  0.000000  0.000000  0.000000  0.000000  0.000000  0.000000  0.000000  0.000000  0.000000  0.000000  0.000000]]
Actions:
 [-0.026337  0.165314 -1.723330]
Exported 2188889 samples, skipped 1013604 (low-motion filter)
